106 122 100 120 0 0 0 0 
105 111 121 108 107 0 0 0 
102 107 109 100 99 0 0 0 
113 120 100 113 100 0 0 0 
116 118 102 121 114 119 107 106 
108 109 107 122 117 97 0 0 
99 102 113 0 0 0 0 0 
116 113 115 0 0 0 0 0 
118 120 106 113 109 114 0 0 
97 116 105 113 119 107 106 0 
105 111 114 112 117 105 97 110 
115 119 117 98 0 0 0 0 
114 111 115 98 104 110 106 0 
109 101 121 102 116 118 0 0 
98 113 116 0 0 0 0 0 
111 105 100 98 98 0 0 0 
116 97 102 97 108 97 0 0 
114 114 103 120 103 0 0 0 
106 119 111 0 0 0 0 0 
116 102 121 108 118 116 119 102 
97 109 121 104 122 0 0 0 
101 120 121 102 121 111 108 101 
109 121 121 117 97 106 111 120 
118 110 117 0 0 0 0 0 
103 113 101 106 104 98 0 0 
115 117 108 114 0 0 0 0 
109 112 108 119 110 98 113 111 
110 97 117 0 0 0 0 0 
98 108 122 0 0 0 0 0 
117 119 117 117 108 99 122 0 
106 120 109 114 119 102 106 0 
114 116 118 101 0 0 0 0 
117 97 108 108 102 107 119 0 
117 98 109 107 109 0 0 0 
102 101 100 116 116 116 0 0 
121 106 102 109 121 107 116 0 
97 121 99 0 0 0 0 0 
115 113 114 120 119 102 111 109 
114 118 117 107 101 100 0 0 
117 112 102 119 101 101 0 0 
117 112 108 122 105 103 98 111 
106 107 120 117 121 113 0 0 
111 99 119 104 106 112 108 100 
114 121 116 0 0 0 0 0 
109 117 114 121 103 102 0 0 
101 115 107 105 0 0 0 0 
113 111 122 112 118 104 101 0 
107 111 120 100 0 0 0 0 
118 98 113 0 0 0 0 0 
108 104 109 114 116 99 110 0 
101 106 103 104 102 116 115 103 
112 117 120 115 109 116 0 0 
116 99 119 0 0 0 0 0 
97 115 119 113 103 102 109 0 
100 119 120 116 114 111 0 0 
120 108 98 114 102 112 110 106 
113 104 116 108 102 97 106 0 
99 116 116 105 0 0 0 0 
113 108 97 108 99 0 0 0 
100 100 111 122 0 0 0 0 
113 109 119 107 115 0 0 0 
118 118 106 107 112 0 0 0 
116 113 102 122 0 0 0 0 
102 122 101 119 117 110 98 115 
101 109 118 121 117 121 0 0 
113 108 97 98 109 0 0 0 
109 107 106 122 116 114 105 103 
115 99 115 112 100 103 0 0 
113 117 109 103 122 0 0 0 
114 101 117 107 120 120 0 0 
102 100 112 104 120 120 0 0 
97 112 121 99 98 102 108 101 
120 115 114 104 97 111 121 0 
114 121 106 102 121 97 112 0 
102 110 118 102 121 113 110 0 
115 104 117 104 102 108 0 0 
102 101 119 114 0 0 0 0 
122 112 119 100 103 114 117 109 
98 98 105 112 109 105 0 0 
110 99 104 111 99 118 101 119 
107 104 98 113 107 101 109 118 
109 104 112 104 111 108 105 0 
116 108 99 99 0 0 0 0 
121 120 117 111 118 0 0 0 
100 110 97 118 119 100 112 0 
100 109 105 110 0 0 0 0 
117 105 113 103 119 99 98 0 
105 103 114 103 0 0 0 0 
106 107 99 0 0 0 0 0 
122 103 105 120 0 0 0 0 
112 111 108 104 0 0 0 0 
107 101 97 120 99 121 99 0 
98 116 108 109 101 118 111 116 
119 114 108 101 111 0 0 0 
107 104 119 113 118 111 97 0 
119 102 98 109 118 0 0 0 
111 100 112 106 0 0 0 0 
108 112 112 108 100 97 0 0 
97 104 120 0 0 0 0 0 
114 103 122 118 114 122 102 110 
