00011001110
01101101011
01011001100
00010011100
00011100000
01101101000
01111100101
01010110000
01111100100
00010110001
00011111101
00010100111
00011100111
01010101011
00010011111
00010110010
01010101110
01010111000
00010100101
01010111001
00011111010
01111101010
00010101101
01111011011
00011010011
10000001011
00010010011
00011110110
01110001000
00100001000
00010010101
00111001001
01101000011
00010111111
00010110101
01101011110
01110011001
00011101111
01101100111
00100101011
00010011111
00111011101
00011111000
00011010001
01111111110
00010101101
00111001101
01100111101
00010110011
00111011010
00110101001
00111011111
01110000011
00100100010
10000001000
10000011111
00111110000
00010101100
00111011011
00010100110
00010101111
00111101000
00111000001
01101110100
01111111000
01011000100
01111010111
01111011100
01010111111
00110101010
01101111001
01010010100
01111011111
01010010111
00010101011
01011001000
00111010100
00011101100
00011011010
00110111111
01010101011
00100000101
01101010000
00110111110
00010111100
01010111110
00111000011
10000101100
00110110110
00010110100
01111010001
00010101110
01101100101
01111011110
00111100011
01111001100
01010111000
01011000110
00110011000
00111011000
