252
160
902
877
251
655
958
886
175
836
854
254
266
646
1024
715
987
919
147
169
159
247
844
163
488
175
922
163
846
714
884
274
444
1023
188
685
872
846
676
451
177
168
681
268
840
156
876
463
166
441
953
841
886
1039
889
426
468
902
432
182
723
1032
156
1005
849
880
164
884
708
247
868
847
692
279
237
897
244
276
188
164
486
857
182
453
442
210
692
692
455
448
177
262
399
725
665
155
900
260
175
1000
725
667
175
477
704
689
657
170
460
659
875
274
456
428
196
678
477
706
261
718
442
432
189
450
171
462
460
651
723
474
710
156
873
847
899
676
249
1055
914
449
1029
908
891
178
446
235
668
162
179
663
671
891
165
498
267
1023
671
252
258
894
968
500
168
244
840
470
687
899
864
995
273
853
666
465
893
498
296
461
907
452
993
502
276
680
177
153
657
688
1000
445
709
1057
703
1029
232
459
698
258
181
879
690
691
894
882
464
860
197
237
434
452
670
134
674
1016
708
1052
284
181
895
652
1016
444
234
835
169
703
168
244
254
168
645
1048
833
1054
714
137
131
687
688
203
709
1031
1048
858
460
205
857
979
696
157
888
254
938
169
1023
977
679
844
172
267
168
188
895
247
716
182
278
899
281
673
193
640
736
864
505
153
465
674
1011
484
1035
896
683
172
184
858
159
456
207
427
438
192
191
968
184
882
1072
1001
715
654
287
455
429
652
882
239
895
509
1049
219
181
736
916
998
911
1032
689
234
229
852
193
273
670
233
201
883
499
858
243
238
512
891
246
465
238
435
853
177
449
241
266
238
221
188
148
203
435
174
984
1045
270
1003
722
175
441
453
453
173
269
240
278
879
674
477
244
163
721
167
433
436
161
1033
249
496
464
1004
1046
454
445
1012
957
457
429
858
194
852
750
701
187
863
866
428
242
697
1014
176
857
478
879
906
698
181
695
866
1071
450
886
1033
187
1015
666
1042
1013
152
680
920
453
1017
458
743
695
468
156
176
710
171
194
185
238
248
139
257
456
243
706
1049
852
952
253
1008
704
656
161
904
160
1004
672
276
1010
163
710
905
186
708
953
645
169
864
191
433
872
872
717
150
482
157
717
991
864
733
689
696
228
862
155
451
661
863
995
1009
1001
201
1033
255
168
913
1002
991
461
947
480
884
177
455
433
940
249
980
452
1024
