0110000101110000011010100111101001100010000000000000000000000000
0110110001110111011100000000000000000000000000000000000000000000
0111000101100111011001110110110001110111011001010110011100000000
0111011101101011011011000111010101111010011011010111000000000000
0110001001100011011010010110111101101100011010100110010101101010
0111000101101101011100000110111000000000000000000000000000000000
0110111001101100011010000111000101101111011001000110101001110001
0111010101101011011101100110110000000000000000000000000000000000
0110110101110000011110000110000101110010011001100110010001101110
0110101001101011011000010111000001110010011101100110011100000000
0110011001100011011101010000000000000000000000000000000000000000
0110110001101001011011100111000000000000000000000000000000000000
0111010101101111011100110111000000000000000000000000000000000000
0110100101110011011110010111011101111001011101100000000000000000
0110110001110100011000110111011001100110000000000000000000000000
0110100101100101011000100110101101101011011001100000000000000000
0111001001110100011011110111001101101101011110100111011100000000
0111011001100101011001000111001001100100011001000111001001101110
0110110001110110011011100111010001100100000000000000000000000000
0110111101100100011100000110011100000000000000000000000000000000
0111011001101100011101010111001101100001011110100000000000000000
0111100001100010011101010000000000000000000000000000000000000000
0110011001110001011010110111000100000000000000000000000000000000
0111011001110100011100110110111101110000000000000000000000000000
0110001101100110011000010000000000000000000000000000000000000000
0110111101111000011010100110101101100101011101010110100001100010
0111101001111000011011100000000000000000000000000000000000000000
0110111001101101011110010000000000000000000000000000000000000000
0111101001101101011011010111000001100111011100000000000000000000
0111101001100011011001000110010001101101011010000000000000000000
0110100001101011011010000110011001110001011001000000000000000000
0110101101110110011100000110001001100100011110010111010000000000
0110011001110001011100010110100101110010000000000000000000000000
0111011101110000011001000000000000000000000000000000000000000000
0111010001101111011100010000000000000000000000000000000000000000
0110101101110000011101000110010001101111011101000110111101101011
0110010101110110011110010110011001110110000000000000000000000000
0111000001100001011001100110001100000000000000000000000000000000
0110100001100110011001100110001101100110011100100000000000000000
0111101001100111011000100110011000000000000000000000000000000000
0110011001110100011101010111000001101011011001010110111000000000
0110111101110010011011000111100101101010011010000111000100000000
0111010101111000011101010111001100000000000000000000000000000000
0110001101110000011001010111010001110001011110010110100100000000
0111100101101000011101100111010001101101011011100000000000000000
0111001001101110011100100111001001100101000000000000000000000000
0110011101110010011101000110001101110011000000000000000000000000
0111011101101111011100000110111001101001011000110000000000000000
0111011101110101011101110110011101100010011010110111100100000000
0110001001100100011001110000000000000000000000000000000000000000
0110000101101111011001010110001001100001000000000000000000000000
0110100001100111011011000111000101111001011110100000000000000000
0111100001101000011001100110101101100111011000010111010001101001
0111100101100111011000110110011101100010011010110000000000000000
0111101001100010011001010111010000000000000000000000000000000000
0110111101110111011101000110010100000000000000000000000000000000
0110000101101100011010100110101000000000000000000000000000000000
0111000101100101011100110111100101101110000000000000000000000000
0111101001100111011001110110011001111001000000000000000000000000
0110111101111010011100110110110101111010011100000111001000000000
0110110101110001011010000110110100000000000000000000000000000000
0111011101101100011100110110111001100111011110010111011001100010
0110001001110001011100000000000000000000000000000000000000000000
0111000101100110011000110110101101100001000000000000000000000000
0111011101110111011011010000000000000000000000000000000000000000
0110100101101011011000010110000101111010011011000000000000000000
0111101001110110011101110111101000000000000000000000000000000000
0111011001101011011100000110100001100111011000110000000000000000
0110011001100101011000110110011001100101011001100110000101100011
0110111001100001011110010110011001110000011110010110111001110110
0111010101100111011100000000000000000000000000000000000000000000
0110010001101110011010010110001101101001011100000000000000000000
0110010001110110011010010111100101100001011010010111000001101101
0110111101110101011100110110100000000000000000000000000000000000
0111010001101100011011010110100000000000000000000000000000000000
0110010001111010011101100110111101100101000000000000000000000000
0110010101101111011011110110001101101101000000000000000000000000
0111001001100010011011000110101001100110000000000000000000000000
0110111101100100011101000000000000000000000000000000000000000000
0110010001101010011011000000000000000000000000000000000000000000
0110101001110110011101010111101001101111011100000111010000000000
0111100101100001011101010110010001110100011000110110001101101100
0111100101100111011010110000000000000000000000000000000000000000
0110111001100111011101010111000101110001011011000000000000000000
0110000101110000011101010110011101100011011011000110001101101100
0110001101110100011010010111101001110101011010010110010000000000
0111000001111010011110100111100101111000011001010111011101100100
0110010101110001011000100110111001110101011000100000000000000000
0111100101101101011010000110110101110100011001100110100100000000
0110101001110010011100110000000000000000000000000000000000000000
0110111001100001011100010000000000000000000000000000000000000000
0110001001101110011001000111001101101101000000000000000000000000
0111000001110010011000010000000000000000000000000000000000000000
0111100001111000011110010111010101101000000000000000000000000000
0110100101100011011100100000000000000000000000000000000000000000
0111001001110100011011010110011101110100011001010111010000000000
0111100101101111011011000000000000000000000000000000000000000000
0111100101110011011100010111100001110011011110100111010101111000
0110101101101110011110010110111001101101011010010110110000000000
0111000001101111011001010110100001101010011101010000000000000000
