0110001001101100011010000000000000000000000000000000000000000000
0110001101110011011010110111010001110111011010000111011100000000
0110011101101010011110000111000101101000000000000000000000000000
0110001001101111011000100111001101110001011011110000000000000000
0111001101100101011010110000000000000000000000000000000000000000
0111001101100001011100110111011001101001000000000000000000000000
0111100001100010011010110110110101111001011011110110001001100001
0111100101101010011000110110101001101111011110010111001101101000
0110001001100100011011010111101000000000000000000000000000000000
0110010001101111011101110110011101100011011001000110011100000000
0110011101111000011010100000000000000000000000000000000000000000
0111101001110011011010000110011001101101011011010110110100000000
0111010001111010011101110110100101110110011001100000000000000000
0110100001111010011011100111101001110111000000000000000000000000
0111001101101001011001010111100100000000000000000000000000000000
0110011101101110011110000110011100000000000000000000000000000000
0110011001100010011001010000000000000000000000000000000000000000
0111100101100100011110000111011001100001011100110111100101110001
0111001101110100011001100110101000000000000000000000000000000000
0110010101110111011101010110010000000000000000000000000000000000
0110011001101110011101100111001101101000000000000000000000000000
0111011101100011011001110110111000000000000000000000000000000000
0110111101101010011000110110111000000000000000000000000000000000
0111100001110001011010100111001101101000000000000000000000000000
0110111101110101011110010110101100000000000000000000000000000000
0111100101111010011101110111010001110000000000000000000000000000
0111001101110100011110000111100000000000000000000000000000000000
0111011001101001011100110110111100000000000000000000000000000000
0110000101111000011011000110111001100101011100110000000000000000
0110101101110101011011100111001101100010011010010110011000000000
0110001101100010011000110110010101110111011001100000000000000000
0110100001110011011000010000000000000000000000000000000000000000
0111001101110000011100110110111001100100011010110110111001100110
0111011101100001011100110111100101101110011010100110110101101011
0110101001100100011110000111000101100010000000000000000000000000
0110010001100011011000010111100101101011011110010000000000000000
0111100101110101011010110000000000000000000000000000000000000000
0111011101111010011100000111011101110001011101010000000000000000
0110011001110111011010000110110101111001011110010000000000000000
0110100101101111011000010110100001100101000000000000000000000000
0110111001110011011011110111000101101001011010100000000000000000
0111001001100110011001000111101001110010011000100111011101110111
0110010101100110011001110111010001100111011011000000000000000000
0110110101110010011011110110001001101101011110000110010101110001
0110001101100111011110100110111000000000000000000000000000000000
0111010101100011011101100110011101110111000000000000000000000000
0110101001110100011011000110100001101011011001100110110000000000
0111011001110100011110000111010101111000011000010110110000000000
0110101101101011011110000110010001111010011011110111011001110101
0110001101100110011011100000000000000000000000000000000000000000
0110101001111000011101110110010101100111011011000000000000000000
0110011001101100011001000111000001111000011010010000000000000000
0111011101110110011101100111100100000000000000000000000000000000
0110001101110001011001100000000000000000000000000000000000000000
0111000101110111011001010000000000000000000000000000000000000000
0110100001101110011011010110100001101100011101000000000000000000
0111001001111001011011010110010000000000000000000000000000000000
0111011001101101011000010000000000000000000000000000000000000000
0111000001100101011001000111011001110110011011000000000000000000
0110001001110000011001010000000000000000000000000000000000000000
0111011001111010011001010110100101110010011000010111100101100011
0110100101101011011000110111010100000000000000000000000000000000
0110010001110000011001100111001101101110011101000111011100000000
0110001001110001011010000110000101100101000000000000000000000000
0110110101110000011100100110101001111000011000010000000000000000
0111000101100001011110100110111101100101000000000000000000000000
0110010001110100011101000110001001100011000000000000000000000000
0110100001101010011101000110100001110010011010000000000000000000
0111010101110010011100100000000000000000000000000000000000000000
0110110101100101011110100111011101101101011110010000000000000000
0110011001110000011101110110100101100111011101100111101000000000
0110000101101110011011110111101001110011011101000111001101110100
0111001101110101011010010111011101100110000000000000000000000000
0110111101110111011001010110110100000000000000000000000000000000
0111010001101100011001010110100001110101011010000000000000000000
0110001001110000011110010111010001111000011000100000000000000000
0111000101111010011000100110011101101000011100010111010100000000
0111010001100110011101000110010001110000011001010111000000000000
0110101101101001011010010000000000000000000000000000000000000000
0111001101110101011011010000000000000000000000000000000000000000
0110010001110111011101000000000000000000000000000000000000000000
0111001101100010011000110111000000000000000000000000000000000000
0110001001101011011010100110001001110001011000010110101000000000
0111011001101000011000010111100001100111000000000000000000000000
0111011101101011011101000000000000000000000000000000000000000000
0110101001110011011110000000000000000000000000000000000000000000
0110101101101100011001000110100000000000000000000000000000000000
0111001101101110011100010111011001101001011001110111001000000000
0111010001100001011010010110010001111000000000000000000000000000
0110111001110111011101100111000101101110011010110000000000000000
0111001001110001011110010111011001101001000000000000000000000000
0111011001110001011100000110011101110110011011100111010000000000
0110111101110101011011100000000000000000000000000000000000000000
0110110101110000011000110111010101110010011000100000000000000000
0111011101101001011110000110101101101001011100100000000000000000
0110011001101001011011100111000001111001011110010110000100000000
0110001101101001011100100000000000000000000000000000000000000000
0111010001110011011010100111010101100110011101110000000000000000
0111011001100111011110000000000000000000000000000000000000000000
0110011101100011011100010110011101110000011011100000000000000000
